-3.191578494765079768e+02 -3.244472574238125731e+02 -1.937666797850693001e+02
-2.902709609246319360e+02 -2.827568307851484519e+02 -2.886014262007045659e+02
-2.403114748385416704e+02 -2.136066398811082081e+02 -2.436821786156491498e+02
-2.814450330652967409e+02 -2.861765509582351683e+02 -2.814036678938629734e+02
-1.646634189238213537e+02 -1.647105032474338770e+02 -1.002001758892204180e+02
-1.307489839922359920e+02 -1.854268222453229669e+02 -2.272135496878862000e+02
-1.528982202395499428e+02 -1.262438598829424024e+02 -1.945011487050203129e+02
-1.412916889579154258e+02 -1.258551599704656638e+02 -1.654639607434976369e+02
-1.844084653271623324e+02 -1.333803623893334134e+02 -9.563247327778172746e+01
-1.166870065064163384e+02 -1.974238655926210413e+02 -1.954114528723807211e+02
-1.201462034185201304e+02 -1.829559771643310739e+02 -1.953262457498016147e+02
-1.086104618364182954e+02 -1.509862772834183602e+02 -1.951775587705292025e+02
-1.044643538201656980e+02 -1.042826472530019828e+02 -1.016563552068495824e+02
-1.459777521243744900e+02 -1.047340375542749200e+02 -1.430544490155307926e+02
-1.054632204688471404e+02 -1.029804321544697672e+02 -1.212615976631811918e+02
-1.057827494422761561e+02 -1.022487041082836186e+02 -1.359305371264950679e+02
-1.055248475333181091e+02 -1.015334102765687732e+02 -1.601510697676152688e+02
-1.024975325683573857e+02 -1.018385489120466332e+02 -1.503147702596656359e+02
-1.130688674644967477e+02 -1.051251526924438338e+02 -1.027008567422164731e+02
-1.171238817907329235e+02 -1.575947670536042438e+02 -1.002593437308259467e+02
-1.406259869089981862e+02 -1.550259941698217290e+02 -8.026079332345160822e+01
-1.529208921799810241e+02 -9.010458271478694314e+01 -9.703742305596820472e+01
-1.044215526900174780e+02 -9.525004101875484253e+01 -1.108406285471992589e+02
-1.494359776171890530e+02 -8.726210050040303656e+01 -1.155300360558441781e+02
-1.905459363344175756e+02 -7.625481628536296341e+01 -1.318506716852635634e+02
-7.252615525553677855e+01 -9.642372693677467055e+01 -1.994362850925636508e+02
-1.089463156701690423e+02 -8.219270300526947892e+01 -1.557674259958158700e+02
-1.047114553840109892e+02 -1.539524887489016578e+02 -1.061351745204508461e+02
-6.628935730116226921e+01 -1.729034597212337303e+02 -1.109108724728435220e+02
-6.661929053164278969e+01 -7.508014025323265628e+01 -8.215393949956637698e+01
-1.589395922979616671e+02 -6.999809382506535371e+01 -1.414450528703484338e+02
-1.764432991468432306e+02 -1.562071120325878724e+02 -1.011428165826304024e+02
-8.423359194940724137e+01 -1.433796812780180971e+02 -1.635631252065774106e+02
-6.146785089517150880e+01 -8.166354210640946576e+01 -1.809833662644067545e+02
-6.160368190510508413e+01 -6.483585360598274860e+01 -8.364542366622634972e+01
-9.244030349136561142e+01 -7.029839539985290742e+01 -9.391673983950830973e+01
-5.444754531875621240e+01 -1.527592941611414119e+02 -1.590780941817743894e+02
-6.081061797865226737e+01 -1.464147222348925652e+02 -1.346051476706464030e+02
-1.597049991406291838e+02 -1.595106246293370873e+02 -9.948364641373296990e+01
-9.320511533734753584e+01 -5.455531002104735450e+01 -1.293541001388184668e+02
-4.371187738835111958e+01 -1.059698211639781817e+02 -1.683998014280011830e+02
-4.329012706413092104e+01 -1.364269454142740301e+02 -1.451132482090165752e+02
-9.868758777012010341e+01 -4.310508123300414240e+01 -9.492604057355086411e+01
-1.377270598717289829e+02 -1.542289970352858290e+02 -1.545912691051944705e+02
-3.393106581280919443e+01 -2.992771359124223451e+01 -1.404991661392855349e+02
-1.200906612237158839e+02 -2.992763314742864722e+01 -4.633307800719178715e+01
-2.992423018876900898e+01 -8.987222309422082844e+01 -6.247806411062783383e+01
-2.991111972890542958e+01 -2.989957036385192168e+01 -5.697072662082248939e+01
-2.058508809663377548e+01 -2.027654926339533503e+01 -3.014627584404882299e+01
-2.032543089274216896e+01 -2.124984240809752123e+01 -4.592087354353893147e+01
-3.414907185312684135e+01 -2.024044613401487069e+01 -1.049667377186266037e+01
-2.022411787494423052e+01 -6.087849608887700015e+01 -1.149105191519676623e+02
-2.275424101450332515e+01 -1.696478220903794210e+01 -1.303221525216320131e+01
-1.153838426611546630e+01 -4.500047718519224560e+01 -3.200658843718520075e+01
-1.039499772984327208e+01 -1.266497170527897609e+01 -1.330810846941871972e+01
-1.546124171283217130e+01 -4.184199309991551985e+01 -3.463820644681853622e+01
-2.165069761792037184e+02 -9.880035309602988036e+01 -1.404350161483204147e+02
-1.382550758069704671e+02 -1.180284377014770740e+02 -1.031928298849217924e+02
-1.522273149451108907e+02 -9.997580566929407553e+01 -1.599425092209339709e+02
-9.715398403233452029e+01 -1.889384756370704395e+02 -1.670151100008538663e+02
-1.287605982668432887e+02 -1.519239401672364238e+02 -1.555078727671046863e+02
-1.744310528603566581e+02 -1.638717844133240646e+02 -1.690626967344723539e+02
-2.261006337935546071e+02 -1.950728498562241953e+02 -1.857775648870107830e+02
-1.826513478872257394e+02 -1.101698092584593667e+02 -1.911973141252809967e+02
-1.370500797242078761e+02 -6.771450306283142595e+01 -7.592032013446586802e+01
-7.365359231978791854e+01 -8.735543106620801268e+01 -6.714987732918297070e+01
-1.361398762764272590e+02 -1.375943164147860216e+02 -1.597102922372410490e+02
-1.374365814113874080e+02 -6.682838929067646916e+01 -1.358006579869213795e+02
-1.510306477772493281e+02 -1.208409002982793652e+02 -2.066034890882283435e+02
-1.795151439278047292e+02 -1.550294406536549161e+02 -1.807537130822885842e+02
-1.776298663271626310e+02 -1.208116815733842060e+02 -2.030095083247211960e+02
-1.383622695164430354e+02 -1.208987651673150481e+02 -1.793762678157607979e+02
-1.213133001033203016e+02 -7.307433465284007923e+01 -2.197026049320889172e+02
-1.615653651706377900e+02 -1.614885992545544582e+02 -1.697856695418819868e+02
-1.664173737398353978e+02 -7.344354562281543508e+01 -1.669474293944460328e+02
-7.369031949043217367e+01 -1.019244062279729803e+02 -1.297959039797779610e+02
-4.838156446245504583e+01 -4.999572942812408627e+01 -1.655452201467027749e+02
-4.999576372008508685e+01 -4.875969730407417302e+01 -1.034791390793589159e+02
-4.857001713874289095e+01 -1.455087031506853634e+02 -7.267988942308900846e+01
-4.807131509507893696e+01 -4.848104444553931103e+01 -1.291706570134610388e+02
-1.251816636797452986e+02 -3.998318271266546020e+01 -1.260479762520146778e+02
-4.589987029569735455e+01 -3.667098316751951614e+01 -4.861223238288486925e+01
-3.998330032741638007e+01 -3.053547213010142158e+01 -1.124142780577657845e+02
-3.998398210899347305e+01 -3.213589035531538229e+01 -2.602498027175671425e+01
-2.987243090475052654e+01 -2.545365975089754329e+01 -2.936451195284745097e+01
-3.467183475449461838e+01 -4.438177847965707201e+01 -3.616342699985971620e+01
-4.591322594512777755e+01 -2.911324932914052965e+01 -1.411213213357399070e+02
-2.903339859517940980e+01 -9.893039176682765401e+01 -1.295556109387736115e+02
-2.064524788837306346e+01 -4.405212739722325921e+01 -4.032239219301826694e+01
-4.121993558197378604e+01 -2.203406954621509328e+01 -3.880823368082772618e+01
-2.249201157120387506e+01 -2.415788890314068738e+01 -2.991462727134225474e+01
-5.378524122896223503e+01 -2.063837089548769299e+01 -4.400301363979927771e+01
-9.288273717611152946e+00 -9.677858508753464761e+00 -1.062767470684905824e+01
-1.608070405285669224e+01 -9.100741855563116545e+00 -1.007429182910313692e+01
-2.043283109234516459e+01 -1.093395033474491740e+01 -1.824210397358988089e+01
-9.307629436956672109e+00 -9.258962918271086195e+00 -2.155755680990017709e+01
